"","Generation","O","Y","B"
"1",0,0.3346,0.3405,0.3249
"2",1,0.3224,0.3444,0.3332
"3",2,0.3105,0.344,0.3455
"4",3,0.2921,0.3523,0.3556
"5",4,0.2648,0.3584,0.3768
"6",5,0.2434,0.3627,0.3939
"7",6,0.2201,0.3778,0.4021
"8",7,0.1964,0.4009,0.4027
"9",8,0.1794,0.4177,0.4029
"10",9,0.1586,0.4454,0.396
"11",10,0.143,0.4745,0.3825
"12",11,0.1241,0.4983,0.3776
"13",12,0.1099,0.5228,0.3673
"14",13,0.0964,0.5437,0.3599
"15",14,0.0883,0.5695,0.3422
"16",15,0.0774,0.6014,0.3212
"17",16,0.0716,0.6405,0.2879
"18",17,0.06,0.6769,0.2631
"19",18,0.056,0.7115,0.2325
"20",19,0.0517,0.7429,0.2054
"21",20,0.0436,0.7759,0.1805
"22",21,0.0382,0.8031,0.1587
"23",22,0.0361,0.8273,0.1366
"24",23,0.0381,0.8449,0.117
"25",24,0.0405,0.8581,0.1014
"26",25,0.045,0.8669,0.0881
"27",26,0.0455,0.8777,0.0768
"28",27,0.0477,0.8845,0.0678
"29",28,0.0487,0.8904,0.0609
"30",29,0.0528,0.8911,0.0561
"31",30,0.0537,0.9002,0.0461
"32",31,0.0576,0.9041,0.0383
"33",32,0.0621,0.9043,0.0336
"34",33,0.0674,0.903,0.0296
"35",34,0.0778,0.8955,0.0267
"36",35,0.0835,0.8925,0.024
"37",36,0.0949,0.8858,0.0193
"38",37,0.102,0.8788,0.0192
"39",38,0.1081,0.876,0.0159
"40",39,0.1142,0.8724,0.0134
"41",40,0.1265,0.8614,0.0121
"42",41,0.1386,0.8501,0.0113
"43",42,0.1475,0.8422,0.0103
"44",43,0.1587,0.8317,0.0096
"45",44,0.1722,0.8186,0.0092
"46",45,0.186,0.8048,0.0092
"47",46,0.1961,0.7943,0.0096
"48",47,0.2152,0.7754,0.0094
"49",48,0.2355,0.7557,0.0088
"50",49,0.251,0.7398,0.0092
"51",50,0.2663,0.7232,0.0105
"52",51,0.2831,0.7066,0.0103
"53",52,0.3004,0.6898,0.0098
"54",53,0.3152,0.6747,0.0101
"55",54,0.3336,0.6574,0.009
"56",55,0.3492,0.6425,0.0083
"57",56,0.3652,0.6259,0.0089
"58",57,0.3885,0.6023,0.0092
"59",58,0.4049,0.5848,0.0103
"60",59,0.4219,0.5679,0.0102
"61",60,0.4396,0.5496,0.0108
"62",61,0.4625,0.525,0.0125
"63",62,0.478,0.5097,0.0123
"64",63,0.5002,0.4861,0.0137
"65",64,0.5159,0.4686,0.0155
"66",65,0.5328,0.4514,0.0158
"67",66,0.5479,0.4344,0.0177
"68",67,0.5638,0.4167,0.0195
"69",68,0.5717,0.4075,0.0208
"70",69,0.5799,0.398,0.0221
"71",70,0.5889,0.3896,0.0215
"72",71,0.6002,0.3787,0.0211
"73",72,0.6085,0.3687,0.0228
"74",73,0.6169,0.3566,0.0265
"75",74,0.6263,0.3444,0.0293
"76",75,0.638,0.3299,0.0321
"77",76,0.6445,0.3214,0.0341
"78",77,0.6491,0.3161,0.0348
"79",78,0.6569,0.3076,0.0355
"80",79,0.664,0.301,0.035
"81",80,0.6765,0.2859,0.0376
"82",81,0.6841,0.2766,0.0393
"83",82,0.6896,0.2693,0.0411
"84",83,0.7012,0.2546,0.0442
"85",84,0.7128,0.2415,0.0457
"86",85,0.7252,0.2302,0.0446
"87",86,0.7319,0.224,0.0441
"88",87,0.7345,0.216,0.0495
"89",88,0.7444,0.2049,0.0507
"90",89,0.7568,0.1954,0.0478
"91",90,0.7658,0.1889,0.0453
"92",91,0.775,0.1781,0.0469
"93",92,0.7852,0.1669,0.0479
"94",93,0.7901,0.1605,0.0494
"95",94,0.7947,0.15,0.0553
"96",95,0.799,0.1435,0.0575
"97",96,0.8048,0.137,0.0582
"98",97,0.8077,0.1321,0.0602
"99",98,0.8104,0.13,0.0596
"100",99,0.8104,0.1282,0.0614
"101",100,0.8168,0.1218,0.0614
"102",101,0.8201,0.1174,0.0625
"103",102,0.8273,0.11,0.0627
"104",103,0.8371,0.1015,0.0614
"105",104,0.8438,0.0952,0.061
"106",105,0.8485,0.0896,0.0619
"107",106,0.8499,0.0876,0.0625
"108",107,0.8522,0.0835,0.0643
"109",108,0.8532,0.0826,0.0642
"110",109,0.8543,0.0813,0.0644
"111",110,0.8539,0.0816,0.0645
"112",111,0.8538,0.0775,0.0687
"113",112,0.8552,0.0773,0.0675
"114",113,0.8537,0.0777,0.0686
"115",114,0.8539,0.0782,0.0679
"116",115,0.8537,0.0739,0.0724
"117",116,0.8555,0.0722,0.0723
"118",117,0.8571,0.0716,0.0713
"119",118,0.8619,0.0693,0.0688
"120",119,0.8683,0.0635,0.0682
"121",120,0.8666,0.0622,0.0712
"122",121,0.865,0.0612,0.0738
"123",122,0.866,0.0566,0.0774
"124",123,0.865,0.059,0.076
"125",124,0.8622,0.0576,0.0802
"126",125,0.8582,0.0576,0.0842
"127",126,0.8537,0.0548,0.0915
"128",127,0.8526,0.0535,0.0939
"129",128,0.8516,0.0505,0.0979
"130",129,0.8492,0.0492,0.1016
"131",130,0.8434,0.0492,0.1074
"132",131,0.8419,0.0476,0.1105
"133",132,0.8378,0.0496,0.1126
"134",133,0.8361,0.048,0.1159
"135",134,0.8318,0.0495,0.1187
"136",135,0.8298,0.0507,0.1195
"137",136,0.8289,0.0489,0.1222
"138",137,0.8279,0.0465,0.1256
"139",138,0.8206,0.0434,0.136
"140",139,0.8198,0.0436,0.1366
"141",140,0.8205,0.0419,0.1376
"142",141,0.8129,0.0429,0.1442
"143",142,0.8114,0.0419,0.1467
"144",143,0.8103,0.0421,0.1476
"145",144,0.8092,0.0418,0.149
"146",145,0.8105,0.0392,0.1503
"147",146,0.8111,0.0368,0.1521
"148",147,0.8072,0.0356,0.1572
"149",148,0.806,0.0339,0.1601
"150",149,0.8061,0.0325,0.1614
"151",150,0.8005,0.0331,0.1664
"152",151,0.7955,0.0331,0.1714
"153",152,0.7944,0.0328,0.1728
"154",153,0.7921,0.034,0.1739
"155",154,0.7877,0.0345,0.1778
"156",155,0.7832,0.0356,0.1812
"157",156,0.7771,0.0368,0.1861
"158",157,0.7737,0.0367,0.1896
"159",158,0.7653,0.0393,0.1954
"160",159,0.7609,0.0405,0.1986
"161",160,0.7535,0.0443,0.2022
"162",161,0.7499,0.0455,0.2046
"163",162,0.7474,0.0484,0.2042
"164",163,0.7387,0.0514,0.2099
"165",164,0.7371,0.0528,0.2101
"166",165,0.729,0.0559,0.2151
"167",166,0.7235,0.0576,0.2189
"168",167,0.7215,0.0614,0.2171
"169",168,0.7145,0.063,0.2225
"170",169,0.713,0.0659,0.2211
"171",170,0.7055,0.0688,0.2257
"172",171,0.7061,0.0703,0.2236
"173",172,0.7028,0.073,0.2242
"174",173,0.7012,0.0756,0.2232
"175",174,0.6951,0.0793,0.2256
"176",175,0.6868,0.0819,0.2313
"177",176,0.6802,0.0848,0.235
"178",177,0.6748,0.0835,0.2417
"179",178,0.6681,0.0856,0.2463
"180",179,0.6617,0.0851,0.2532
"181",180,0.6591,0.0841,0.2568
"182",181,0.6494,0.0845,0.2661
"183",182,0.6425,0.0857,0.2718
"184",183,0.6362,0.0846,0.2792
"185",184,0.6335,0.0856,0.2809
"186",185,0.6324,0.0863,0.2813
"187",186,0.6278,0.085,0.2872
"188",187,0.6248,0.0855,0.2897
"189",188,0.619,0.0854,0.2956
"190",189,0.6102,0.0848,0.305
"191",190,0.6057,0.0839,0.3104
"192",191,0.6027,0.0842,0.3131
"193",192,0.5991,0.085,0.3159
"194",193,0.594,0.083,0.323
"195",194,0.5862,0.0858,0.328
"196",195,0.5861,0.087,0.3269
"197",196,0.5804,0.0878,0.3318
"198",197,0.5748,0.0894,0.3358
"199",198,0.5665,0.0892,0.3443
"200",199,0.5621,0.0909,0.347
"201",200,0.5565,0.0923,0.3512
