"","Generation","O","Y","B"
"1",0,0.331,0.3345,0.3345
"2",1,0.3205,0.3361,0.3434
"3",2,0.3046,0.3456,0.3498
"4",3,0.2897,0.3502,0.3601
"5",4,0.2709,0.3651,0.364
"6",5,0.2567,0.376,0.3673
"7",6,0.2424,0.3845,0.3731
"8",7,0.2234,0.4054,0.3712
"9",8,0.2097,0.4212,0.3691
"10",9,0.1928,0.4357,0.3715
"11",10,0.178,0.4533,0.3687
"12",11,0.1646,0.4743,0.3611
"13",12,0.1477,0.4984,0.3539
"14",13,0.1359,0.5241,0.34
"15",14,0.127,0.545,0.328
"16",15,0.1163,0.5708,0.3129
"17",16,0.1066,0.5957,0.2977
"18",17,0.1007,0.6194,0.2799
"19",18,0.0902,0.6424,0.2674
"20",19,0.0859,0.6596,0.2545
"21",20,0.0756,0.6822,0.2422
"22",21,0.0705,0.6987,0.2308
"23",22,0.0689,0.7158,0.2153
"24",23,0.0653,0.732,0.2027
"25",24,0.0649,0.753,0.1821
"26",25,0.0679,0.7637,0.1684
"27",26,0.0677,0.7784,0.1539
"28",27,0.069,0.7947,0.1363
"29",28,0.0718,0.8035,0.1247
"30",29,0.0724,0.8113,0.1163
"31",30,0.0744,0.8218,0.1038
"32",31,0.0755,0.8296,0.0949
"33",32,0.0795,0.8366,0.0839
"34",33,0.0825,0.8394,0.0781
"35",34,0.0835,0.8453,0.0712
"36",35,0.0875,0.8498,0.0627
"37",36,0.094,0.8521,0.0539
"38",37,0.1036,0.8489,0.0475
"39",38,0.1139,0.8468,0.0393
"40",39,0.1222,0.8431,0.0347
"41",40,0.1356,0.8359,0.0285
"42",41,0.1468,0.8292,0.024
"43",42,0.1603,0.8177,0.022
"44",43,0.1708,0.8086,0.0206
"45",44,0.1857,0.7949,0.0194
"46",45,0.2033,0.7765,0.0202
"47",46,0.2152,0.7647,0.0201
"48",47,0.2297,0.7518,0.0185
"49",48,0.2436,0.7374,0.019
"50",49,0.2643,0.7167,0.019
"51",50,0.2749,0.705,0.0201
"52",51,0.283,0.6945,0.0225
"53",52,0.3035,0.6749,0.0216
"54",53,0.3203,0.656,0.0237
"55",54,0.3326,0.644,0.0234
"56",55,0.3434,0.6353,0.0213
"57",56,0.3557,0.6248,0.0195
"58",57,0.3749,0.6062,0.0189
"59",58,0.3915,0.5904,0.0181
"60",59,0.4118,0.5696,0.0186
"61",60,0.4406,0.5425,0.0169
"62",61,0.4534,0.5306,0.016
"63",62,0.4642,0.5199,0.0159
"64",63,0.4759,0.5087,0.0154
"65",64,0.4936,0.4919,0.0145
"66",65,0.5169,0.469,0.0141
"67",66,0.5374,0.4483,0.0143
"68",67,0.5526,0.4341,0.0133
"69",68,0.5784,0.4093,0.0123
"70",69,0.5953,0.3939,0.0108
"71",70,0.6078,0.3806,0.0116
"72",71,0.6203,0.3661,0.0136
"73",72,0.6391,0.3469,0.014
"74",73,0.6497,0.3348,0.0155
"75",74,0.6687,0.3142,0.0171
"76",75,0.6911,0.2906,0.0183
"77",76,0.7082,0.2743,0.0175
"78",77,0.7166,0.2643,0.0191
"79",78,0.7225,0.2571,0.0204
"80",79,0.7419,0.2393,0.0188
"81",80,0.7506,0.2289,0.0205
"82",81,0.7623,0.2158,0.0219
"83",82,0.771,0.2065,0.0225
"84",83,0.7793,0.198,0.0227
"85",84,0.791,0.185,0.024
"86",85,0.8027,0.1739,0.0234
"87",86,0.8093,0.1667,0.024
"88",87,0.8217,0.1551,0.0232
"89",88,0.8215,0.1529,0.0256
"90",89,0.8273,0.1456,0.0271
"91",90,0.8339,0.139,0.0271
"92",91,0.8425,0.1285,0.029
"93",92,0.8433,0.1257,0.031
"94",93,0.8493,0.1201,0.0306
"95",94,0.8599,0.11,0.0301
"96",95,0.8647,0.1046,0.0307
"97",96,0.8646,0.1067,0.0287
"98",97,0.8677,0.1012,0.0311
"99",98,0.8682,0.0984,0.0334
"100",99,0.8699,0.0978,0.0323
"101",100,0.8709,0.0958,0.0333
"102",101,0.874,0.0927,0.0333
"103",102,0.8747,0.0899,0.0354
"104",103,0.8732,0.084,0.0428
"105",104,0.8747,0.0821,0.0432
"106",105,0.8719,0.0808,0.0473
"107",106,0.8734,0.0778,0.0488
"108",107,0.8736,0.0748,0.0516
"109",108,0.8763,0.0709,0.0528
"110",109,0.8765,0.0708,0.0527
"111",110,0.8741,0.0716,0.0543
"112",111,0.8701,0.0733,0.0566
"113",112,0.8673,0.0718,0.0609
"114",113,0.8689,0.069,0.0621
"115",114,0.8619,0.0684,0.0697
"116",115,0.8561,0.0709,0.073
"117",116,0.8565,0.0713,0.0722
"118",117,0.853,0.0706,0.0764
"119",118,0.8547,0.0706,0.0747
"120",119,0.8491,0.0702,0.0807
"121",120,0.8453,0.0665,0.0882
"122",121,0.8457,0.0654,0.0889
"123",122,0.8368,0.0702,0.093
"124",123,0.8314,0.0688,0.0998
"125",124,0.828,0.0728,0.0992
"126",125,0.8233,0.0729,0.1038
"127",126,0.8198,0.0724,0.1078
"128",127,0.8161,0.0688,0.1151
"129",128,0.8112,0.0706,0.1182
"130",129,0.809,0.0685,0.1225
"131",130,0.8067,0.0671,0.1262
"132",131,0.8045,0.0668,0.1287
"133",132,0.8014,0.0686,0.13
"134",133,0.7975,0.0696,0.1329
"135",134,0.7873,0.0761,0.1366
"136",135,0.7851,0.0801,0.1348
"137",136,0.7796,0.085,0.1354
"138",137,0.7779,0.0845,0.1376
"139",138,0.7703,0.0885,0.1412
"140",139,0.7666,0.09,0.1434
"141",140,0.7633,0.0962,0.1405
"142",141,0.7577,0.0964,0.1459
"143",142,0.7497,0.1008,0.1495
"144",143,0.7454,0.1045,0.1501
"145",144,0.7404,0.1061,0.1535
"146",145,0.7322,0.1066,0.1612
"147",146,0.7262,0.1078,0.166
"148",147,0.7228,0.1138,0.1634
"149",148,0.72,0.1168,0.1632
"150",149,0.7165,0.1182,0.1653
"151",150,0.7176,0.1185,0.1639
"152",151,0.7125,0.1211,0.1664
"153",152,0.7076,0.1225,0.1699
"154",153,0.7024,0.1246,0.173
"155",154,0.6969,0.1284,0.1747
"156",155,0.6933,0.1287,0.178
"157",156,0.683,0.1345,0.1825
"158",157,0.6759,0.1354,0.1887
"159",158,0.6759,0.1378,0.1863
"160",159,0.6731,0.1364,0.1905
"161",160,0.6662,0.1386,0.1952
"162",161,0.6592,0.1407,0.2001
"163",162,0.6606,0.1442,0.1952
"164",163,0.6551,0.1468,0.1981
"165",164,0.6574,0.1505,0.1921
"166",165,0.6575,0.1488,0.1937
"167",166,0.6527,0.1522,0.1951
"168",167,0.6492,0.1542,0.1966
"169",168,0.6427,0.1551,0.2022
"170",169,0.6367,0.1574,0.2059
"171",170,0.6358,0.1613,0.2029
"172",171,0.6275,0.1613,0.2112
"173",172,0.6223,0.1635,0.2142
"174",173,0.616,0.1681,0.2159
"175",174,0.6091,0.1716,0.2193
"176",175,0.6041,0.1705,0.2254
"177",176,0.6004,0.1701,0.2295
"178",177,0.5981,0.1722,0.2297
"179",178,0.5935,0.174,0.2325
"180",179,0.5933,0.1739,0.2328
"181",180,0.591,0.1739,0.2351
"182",181,0.5863,0.173,0.2407
"183",182,0.5793,0.1754,0.2453
"184",183,0.5748,0.1739,0.2513
"185",184,0.569,0.1774,0.2536
"186",185,0.5661,0.1796,0.2543
"187",186,0.5571,0.1828,0.2601
"188",187,0.5528,0.1862,0.261
"189",188,0.5473,0.1812,0.2715
"190",189,0.5419,0.1847,0.2734
"191",190,0.5358,0.189,0.2752
"192",191,0.531,0.1942,0.2748
"193",192,0.5284,0.198,0.2736
"194",193,0.5273,0.2048,0.2679
"195",194,0.52,0.2075,0.2725
"196",195,0.5158,0.2095,0.2747
"197",196,0.5057,0.2136,0.2807
"198",197,0.4963,0.2184,0.2853
"199",198,0.4868,0.2223,0.2909
"200",199,0.4774,0.2297,0.2929
"201",200,0.4718,0.2354,0.2928
