"","Generation","O","Y","B"
"1",0,0.3294,0.335,0.3356
"2",1,0.2415,0.5397,0.2188
"3",2,0.2,0.6282,0.1718
"4",3,0.1749,0.6885,0.1366
"5",4,0.1713,0.711,0.1177
"6",5,0.1705,0.7304,0.0991
"7",6,0.1745,0.7426,0.0829
"8",7,0.1918,0.7378,0.0704
"9",8,0.209,0.7294,0.0616
"10",9,0.2343,0.7062,0.0595
"11",10,0.2551,0.6888,0.0561
"12",11,0.2778,0.671,0.0512
"13",12,0.2986,0.6496,0.0518
"14",13,0.3256,0.6212,0.0532
"15",14,0.3583,0.5927,0.049
"16",15,0.3969,0.56,0.0431
"17",16,0.4353,0.5277,0.037
"18",17,0.4678,0.4969,0.0353
"19",18,0.4947,0.4734,0.0319
"20",19,0.5354,0.433,0.0316
"21",20,0.5759,0.3954,0.0287
"22",21,0.6195,0.3512,0.0293
"23",22,0.6557,0.3133,0.031
"24",23,0.6971,0.2715,0.0314
"25",24,0.7358,0.2311,0.0331
"26",25,0.7646,0.199,0.0364
"27",26,0.7921,0.1667,0.0412
"28",27,0.8113,0.1429,0.0458
"29",28,0.8325,0.118,0.0495
"30",29,0.8446,0.1008,0.0546
"31",30,0.8583,0.0816,0.0601
"32",31,0.8647,0.0678,0.0675
"33",32,0.8687,0.0575,0.0738
"34",33,0.8745,0.0441,0.0814
"35",34,0.8761,0.0357,0.0882
"36",35,0.8723,0.0319,0.0958
"37",36,0.8679,0.0313,0.1008
"38",37,0.8672,0.0261,0.1067
"39",38,0.863,0.0228,0.1142
"40",39,0.8576,0.0216,0.1208
"41",40,0.8519,0.0189,0.1292
"42",41,0.8451,0.0182,0.1367
"43",42,0.8412,0.0173,0.1415
"44",43,0.8349,0.0168,0.1483
"45",44,0.828,0.0157,0.1563
"46",45,0.8208,0.0154,0.1638
"47",46,0.8123,0.017,0.1707
"48",47,0.8018,0.0196,0.1786
"49",48,0.7933,0.0237,0.183
"50",49,0.784,0.0245,0.1915
"51",50,0.7748,0.026,0.1992
"52",51,0.7656,0.0279,0.2065
"53",52,0.7588,0.0286,0.2126
"54",53,0.7529,0.0286,0.2185
"55",54,0.7457,0.03,0.2243
"56",55,0.7428,0.0301,0.2271
"57",56,0.7358,0.0299,0.2343
"58",57,0.7323,0.0303,0.2374
"59",58,0.7275,0.03,0.2425
"60",59,0.7257,0.0289,0.2454
"61",60,0.7165,0.0324,0.2511
"62",61,0.7123,0.033,0.2547
"63",62,0.7088,0.0333,0.2579
"64",63,0.7062,0.0333,0.2605
"65",64,0.7015,0.0339,0.2646
"66",65,0.6987,0.0337,0.2676
"67",66,0.6927,0.033,0.2743
"68",67,0.687,0.033,0.28
"69",68,0.6814,0.0364,0.2822
"70",69,0.6761,0.0365,0.2874
"71",70,0.6744,0.0376,0.288
"72",71,0.6707,0.0408,0.2885
"73",72,0.6689,0.0437,0.2874
"74",73,0.6657,0.0451,0.2892
"75",74,0.6621,0.0468,0.2911
"76",75,0.662,0.0459,0.2921
"77",76,0.6622,0.0459,0.2919
"78",77,0.6572,0.0482,0.2946
"79",78,0.6583,0.0462,0.2955
"80",79,0.6534,0.0436,0.303
"81",80,0.6452,0.0421,0.3127
"82",81,0.6405,0.0462,0.3133
"83",82,0.6347,0.0481,0.3172
"84",83,0.6291,0.0498,0.3211
"85",84,0.6316,0.0529,0.3155
"86",85,0.6289,0.0547,0.3164
"87",86,0.6266,0.0565,0.3169
"88",87,0.616,0.0643,0.3197
"89",88,0.6085,0.0754,0.3161
"90",89,0.604,0.0792,0.3168
"91",90,0.6014,0.0861,0.3125
"92",91,0.5952,0.0908,0.314
"93",92,0.594,0.0894,0.3166
"94",93,0.5905,0.0925,0.317
"95",94,0.595,0.0953,0.3097
"96",95,0.5929,0.0974,0.3097
"97",96,0.5904,0.1003,0.3093
"98",97,0.5916,0.1081,0.3003
"99",98,0.5915,0.1097,0.2988
"100",99,0.5953,0.1107,0.294
"101",100,0.591,0.1138,0.2952
"102",101,0.5878,0.1161,0.2961
"103",102,0.5896,0.1184,0.292
"104",103,0.5903,0.1161,0.2936
"105",104,0.5898,0.1179,0.2923
"106",105,0.5935,0.118,0.2885
"107",106,0.588,0.1227,0.2893
"108",107,0.5868,0.1328,0.2804
"109",108,0.5765,0.1461,0.2774
"110",109,0.5715,0.1546,0.2739
"111",110,0.5658,0.1592,0.275
"112",111,0.5528,0.1795,0.2677
"113",112,0.5376,0.2006,0.2618
"114",113,0.5233,0.2204,0.2563
"115",114,0.5182,0.2343,0.2475
"116",115,0.5151,0.2468,0.2381
"117",116,0.5051,0.2625,0.2324
"118",117,0.4945,0.2875,0.218
"119",118,0.4862,0.3118,0.202
"120",119,0.4742,0.3298,0.196
"121",120,0.469,0.3452,0.1858
"122",121,0.4626,0.358,0.1794
"123",122,0.4593,0.3745,0.1662
"124",123,0.4613,0.3784,0.1603
"125",124,0.471,0.3801,0.1489
"126",125,0.4771,0.3861,0.1368
"127",126,0.4799,0.389,0.1311
"128",127,0.474,0.3974,0.1286
"129",128,0.4832,0.3966,0.1202
"130",129,0.4899,0.4006,0.1095
"131",130,0.5054,0.3914,0.1032
"132",131,0.5197,0.383,0.0973
"133",132,0.5397,0.3704,0.0899
"134",133,0.5585,0.3544,0.0871
"135",134,0.5795,0.3358,0.0847
"136",135,0.5916,0.3242,0.0842
"137",136,0.612,0.3046,0.0834
"138",137,0.6304,0.2896,0.08
"139",138,0.6489,0.2716,0.0795
"140",139,0.6708,0.2501,0.0791
"141",140,0.7,0.2193,0.0807
"142",141,0.7205,0.1937,0.0858
"143",142,0.7346,0.1735,0.0919
"144",143,0.7516,0.1558,0.0926
"145",144,0.7655,0.139,0.0955
"146",145,0.777,0.1277,0.0953
"147",146,0.7833,0.1186,0.0981
"148",147,0.7864,0.1124,0.1012
"149",148,0.7893,0.105,0.1057
"150",149,0.7933,0.0998,0.1069
"151",150,0.7986,0.0903,0.1111
"152",151,0.7937,0.088,0.1183
"153",152,0.7962,0.0821,0.1217
"154",153,0.7906,0.0806,0.1288
"155",154,0.786,0.0785,0.1355
"156",155,0.7831,0.0759,0.141
"157",156,0.7781,0.0758,0.1461
"158",157,0.7719,0.076,0.1521
"159",158,0.7604,0.078,0.1616
"160",159,0.7488,0.0815,0.1697
"161",160,0.7376,0.0874,0.175
"162",161,0.727,0.0938,0.1792
"163",162,0.7199,0.0953,0.1848
"164",163,0.7148,0.0982,0.187
"165",164,0.7082,0.104,0.1878
"166",165,0.7078,0.1009,0.1913
"167",166,0.7061,0.0985,0.1954
"168",167,0.704,0.0947,0.2013
"169",168,0.7011,0.0952,0.2037
"170",169,0.6989,0.0942,0.2069
"171",170,0.7022,0.0918,0.206
"172",171,0.7045,0.0931,0.2024
"173",172,0.7011,0.0935,0.2054
"174",173,0.6983,0.0999,0.2018
"175",174,0.6944,0.1026,0.203
"176",175,0.6921,0.1049,0.203
"177",176,0.6904,0.1074,0.2022
"178",177,0.6892,0.1102,0.2006
"179",178,0.6961,0.109,0.1949
"180",179,0.6916,0.1109,0.1975
"181",180,0.6936,0.1073,0.1991
"182",181,0.6928,0.1071,0.2001
"183",182,0.6841,0.1139,0.202
"184",183,0.6851,0.1114,0.2035
"185",184,0.6846,0.1129,0.2025
"186",185,0.6858,0.1121,0.2021
"187",186,0.6841,0.1108,0.2051
"188",187,0.685,0.1098,0.2052
"189",188,0.682,0.1086,0.2094
"190",189,0.6832,0.1079,0.2089
"191",190,0.6778,0.1089,0.2133
"192",191,0.6707,0.1118,0.2175
"193",192,0.6697,0.1101,0.2202
"194",193,0.6658,0.1131,0.2211
"195",194,0.6567,0.1183,0.225
"196",195,0.6516,0.1213,0.2271
"197",196,0.6487,0.1201,0.2312
"198",197,0.6448,0.1276,0.2276
"199",198,0.6438,0.1314,0.2248
"200",199,0.639,0.1364,0.2246
"201",200,0.631,0.1438,0.2252
"202",201,0.6265,0.1491,0.2244
"203",202,0.6197,0.1573,0.223
"204",203,0.6105,0.1658,0.2237
"205",204,0.6102,0.1742,0.2156
"206",205,0.611,0.182,0.207
"207",206,0.609,0.1902,0.2008
"208",207,0.609,0.1978,0.1932
"209",208,0.6189,0.1912,0.1899
"210",209,0.6165,0.1837,0.1998
"211",210,0.6168,0.1837,0.1995
"212",211,0.6154,0.1877,0.1969
"213",212,0.6259,0.1807,0.1934
"214",213,0.6249,0.1855,0.1896
"215",214,0.6338,0.1847,0.1815
"216",215,0.645,0.1778,0.1772
"217",216,0.6482,0.1776,0.1742
"218",217,0.6548,0.1678,0.1774
"219",218,0.6557,0.1681,0.1762
"220",219,0.6536,0.1684,0.178
"221",220,0.6506,0.1691,0.1803
"222",221,0.6535,0.1702,0.1763
"223",222,0.6458,0.1747,0.1795
"224",223,0.643,0.1796,0.1774
"225",224,0.6438,0.181,0.1752
"226",225,0.6425,0.1802,0.1773
"227",226,0.6417,0.1788,0.1795
"228",227,0.6382,0.1814,0.1804
"229",228,0.6376,0.1765,0.1859
"230",229,0.6374,0.1729,0.1897
"231",230,0.6332,0.1774,0.1894
"232",231,0.6311,0.1829,0.186
"233",232,0.6184,0.1897,0.1919
"234",233,0.6132,0.1914,0.1954
"235",234,0.6133,0.1897,0.197
"236",235,0.6145,0.1911,0.1944
"237",236,0.6145,0.1935,0.192
"238",237,0.6107,0.2008,0.1885
"239",238,0.6019,0.2099,0.1882
"240",239,0.6004,0.2167,0.1829
"241",240,0.6044,0.2214,0.1742
"242",241,0.6008,0.2306,0.1686
"243",242,0.5962,0.2432,0.1606
"244",243,0.5885,0.2526,0.1589
"245",244,0.5868,0.2605,0.1527
"246",245,0.593,0.2622,0.1448
"247",246,0.6072,0.2594,0.1334
"248",247,0.6181,0.2525,0.1294
"249",248,0.6224,0.249,0.1286
"250",249,0.6242,0.2506,0.1252
"251",250,0.633,0.2424,0.1246
"252",251,0.6407,0.2382,0.1211
"253",252,0.6536,0.2275,0.1189
"254",253,0.6573,0.2246,0.1181
"255",254,0.6623,0.2171,0.1206
"256",255,0.6707,0.2074,0.1219
"257",256,0.6776,0.1979,0.1245
"258",257,0.6829,0.1896,0.1275
"259",258,0.6896,0.1794,0.131
"260",259,0.6964,0.1683,0.1353
"261",260,0.6947,0.1697,0.1356
"262",261,0.6901,0.1686,0.1413
"263",262,0.6879,0.1735,0.1386
"264",263,0.6888,0.1742,0.137
"265",264,0.6883,0.1715,0.1402
"266",265,0.692,0.1686,0.1394
"267",266,0.6854,0.1738,0.1408
"268",267,0.6732,0.1824,0.1444
"269",268,0.6789,0.1776,0.1435
"270",269,0.674,0.1789,0.1471
"271",270,0.6717,0.1793,0.149
"272",271,0.6754,0.1755,0.1491
"273",272,0.6855,0.1655,0.149
"274",273,0.6948,0.1546,0.1506
"275",274,0.7002,0.1491,0.1507
"276",275,0.7004,0.1448,0.1548
"277",276,0.697,0.1423,0.1607
"278",277,0.6984,0.1392,0.1624
"279",278,0.6957,0.1356,0.1687
"280",279,0.6924,0.1362,0.1714
"281",280,0.6864,0.1363,0.1773
"282",281,0.6797,0.1392,0.1811
"283",282,0.6785,0.1405,0.181
"284",283,0.6847,0.1371,0.1782
"285",284,0.6899,0.1347,0.1754
"286",285,0.6957,0.1322,0.1721
"287",286,0.7003,0.1273,0.1724
"288",287,0.7001,0.1228,0.1771
"289",288,0.7012,0.1218,0.177
"290",289,0.697,0.1213,0.1817
"291",290,0.6936,0.1233,0.1831
"292",291,0.6953,0.1199,0.1848
"293",292,0.6926,0.1222,0.1852
"294",293,0.6922,0.117,0.1908
"295",294,0.6903,0.1173,0.1924
"296",295,0.6866,0.1229,0.1905
"297",296,0.6854,0.1271,0.1875
"298",297,0.6823,0.1292,0.1885
"299",298,0.6778,0.1324,0.1898
"300",299,0.6765,0.1367,0.1868
"301",300,0.6734,0.1395,0.1871
"302",301,0.6701,0.1388,0.1911
"303",302,0.6628,0.1444,0.1928
"304",303,0.6568,0.1552,0.188
"305",304,0.6485,0.1622,0.1893
"306",305,0.6397,0.1708,0.1895
"307",306,0.6325,0.1845,0.183
"308",307,0.6292,0.192,0.1788
"309",308,0.6298,0.1963,0.1739
"310",309,0.6334,0.1977,0.1689
"311",310,0.6289,0.1971,0.174
"312",311,0.625,0.2005,0.1745
"313",312,0.6223,0.2049,0.1728
"314",313,0.618,0.2082,0.1738
"315",314,0.6192,0.2094,0.1714
"316",315,0.6249,0.2024,0.1727
"317",316,0.6289,0.198,0.1731
"318",317,0.6321,0.1923,0.1756
"319",318,0.6361,0.1865,0.1774
"320",319,0.6376,0.1825,0.1799
"321",320,0.645,0.1753,0.1797
"322",321,0.6504,0.1696,0.18
"323",322,0.6529,0.1717,0.1754
"324",323,0.658,0.1626,0.1794
"325",324,0.6627,0.1639,0.1734
"326",325,0.664,0.1597,0.1763
"327",326,0.6612,0.1597,0.1791
"328",327,0.6645,0.1566,0.1789
"329",328,0.6683,0.1551,0.1766
"330",329,0.6723,0.1505,0.1772
"331",330,0.6821,0.1457,0.1722
"332",331,0.6796,0.1426,0.1778
"333",332,0.6901,0.1293,0.1806
"334",333,0.6908,0.1233,0.1859
"335",334,0.6987,0.1137,0.1876
"336",335,0.705,0.1091,0.1859
"337",336,0.7113,0.1015,0.1872
"338",337,0.7075,0.0953,0.1972
"339",338,0.7075,0.0917,0.2008
"340",339,0.7024,0.0892,0.2084
"341",340,0.6947,0.0898,0.2155
"342",341,0.6927,0.0902,0.2171
"343",342,0.6876,0.0914,0.221
"344",343,0.687,0.0869,0.2261
"345",344,0.6861,0.0857,0.2282
"346",345,0.6789,0.0858,0.2353
"347",346,0.6722,0.0881,0.2397
"348",347,0.6744,0.0849,0.2407
"349",348,0.6728,0.0822,0.245
"350",349,0.6743,0.0811,0.2446
"351",350,0.6745,0.0798,0.2457
"352",351,0.6718,0.0817,0.2465
"353",352,0.6747,0.0799,0.2454
"354",353,0.6728,0.0824,0.2448
"355",354,0.6661,0.0871,0.2468
"356",355,0.668,0.0891,0.2429
"357",356,0.6669,0.0893,0.2438
"358",357,0.6643,0.0923,0.2434
"359",358,0.6666,0.0921,0.2413
"360",359,0.6642,0.0914,0.2444
"361",360,0.6647,0.085,0.2503
"362",361,0.6576,0.0905,0.2519
"363",362,0.6511,0.0911,0.2578
"364",363,0.6499,0.0952,0.2549
"365",364,0.6482,0.096,0.2558
"366",365,0.6433,0.0998,0.2569
"367",366,0.6406,0.103,0.2564
"368",367,0.6376,0.1102,0.2522
"369",368,0.6385,0.1118,0.2497
"370",369,0.6393,0.1132,0.2475
"371",370,0.6415,0.1138,0.2447
"372",371,0.6386,0.115,0.2464
"373",372,0.6363,0.1174,0.2463
"374",373,0.6394,0.1123,0.2483
"375",374,0.6354,0.1124,0.2522
"376",375,0.6306,0.1178,0.2516
"377",376,0.6277,0.1212,0.2511
"378",377,0.623,0.1263,0.2507
"379",378,0.6211,0.1276,0.2513
"380",379,0.6171,0.1368,0.2461
"381",380,0.6182,0.1367,0.2451
"382",381,0.6198,0.1389,0.2413
"383",382,0.6191,0.1427,0.2382
"384",383,0.6106,0.1506,0.2388
"385",384,0.6118,0.1537,0.2345
"386",385,0.6087,0.1584,0.2329
"387",386,0.6086,0.1589,0.2325
"388",387,0.6053,0.1602,0.2345
"389",388,0.6065,0.162,0.2315
"390",389,0.6119,0.1599,0.2282
"391",390,0.6138,0.1532,0.233
"392",391,0.6113,0.1553,0.2334
"393",392,0.6119,0.1607,0.2274
"394",393,0.6118,0.1646,0.2236
"395",394,0.6062,0.1751,0.2187
"396",395,0.6037,0.1787,0.2176
"397",396,0.5935,0.1937,0.2128
"398",397,0.5821,0.2056,0.2123
"399",398,0.5705,0.2201,0.2094
"400",399,0.5675,0.2274,0.2051
"401",400,0.56,0.2427,0.1973
"402",401,0.5543,0.2485,0.1972
"403",402,0.5456,0.2626,0.1918
"404",403,0.5432,0.2712,0.1856
"405",404,0.5432,0.2798,0.177
"406",405,0.5458,0.2893,0.1649
"407",406,0.5422,0.2974,0.1604
"408",407,0.5466,0.2989,0.1545
"409",408,0.5531,0.293,0.1539
"410",409,0.5598,0.2906,0.1496
"411",410,0.5608,0.2869,0.1523
"412",411,0.5657,0.2837,0.1506
"413",412,0.5695,0.2862,0.1443
"414",413,0.5781,0.286,0.1359
"415",414,0.5853,0.283,0.1317
"416",415,0.5973,0.2776,0.1251
"417",416,0.6176,0.2587,0.1237
"418",417,0.632,0.2481,0.1199
"419",418,0.6459,0.2355,0.1186
"420",419,0.6577,0.2214,0.1209
"421",420,0.6681,0.2078,0.1241
"422",421,0.6773,0.1954,0.1273
"423",422,0.6841,0.181,0.1349
"424",423,0.6996,0.167,0.1334
"425",424,0.7059,0.1591,0.135
"426",425,0.7093,0.1466,0.1441
"427",426,0.7058,0.1428,0.1514
"428",427,0.7045,0.1432,0.1523
"429",428,0.701,0.1431,0.1559
"430",429,0.6997,0.1436,0.1567
"431",430,0.7008,0.1446,0.1546
"432",431,0.6988,0.1422,0.159
"433",432,0.7038,0.1351,0.1611
"434",433,0.7074,0.1296,0.163
"435",434,0.7059,0.1243,0.1698
"436",435,0.7066,0.1234,0.17
"437",436,0.707,0.1202,0.1728
"438",437,0.7052,0.117,0.1778
"439",438,0.7038,0.117,0.1792
"440",439,0.7021,0.1179,0.18
"441",440,0.6988,0.1211,0.1801
"442",441,0.7002,0.1202,0.1796
"443",442,0.696,0.1207,0.1833
"444",443,0.6936,0.1233,0.1831
"445",444,0.6923,0.1291,0.1786
"446",445,0.6901,0.1282,0.1817
"447",446,0.6868,0.1336,0.1796
"448",447,0.689,0.1307,0.1803
"449",448,0.6925,0.1266,0.1809
"450",449,0.6945,0.1252,0.1803
"451",450,0.6952,0.1191,0.1857
"452",451,0.6987,0.1123,0.189
"453",452,0.7027,0.106,0.1913
"454",453,0.7102,0.1008,0.189
"455",454,0.7154,0.095,0.1896
"456",455,0.7148,0.0938,0.1914
"457",456,0.7186,0.0896,0.1918
"458",457,0.721,0.0869,0.1921
"459",458,0.7189,0.085,0.1961
"460",459,0.7208,0.0853,0.1939
"461",460,0.7217,0.0831,0.1952
"462",461,0.7181,0.0824,0.1995
"463",462,0.7173,0.0828,0.1999
"464",463,0.7104,0.0849,0.2047
"465",464,0.7093,0.0865,0.2042
"466",465,0.7059,0.0883,0.2058
"467",466,0.7041,0.0891,0.2068
"468",467,0.7031,0.09,0.2069
"469",468,0.7052,0.0909,0.2039
"470",469,0.7036,0.0909,0.2055
"471",470,0.6993,0.0913,0.2094
"472",471,0.6985,0.0936,0.2079
"473",472,0.6948,0.096,0.2092
"474",473,0.6919,0.0984,0.2097
"475",474,0.6936,0.0963,0.2101
"476",475,0.6893,0.1004,0.2103
"477",476,0.6881,0.1055,0.2064
"478",477,0.6832,0.109,0.2078
"479",478,0.6786,0.1126,0.2088
"480",479,0.6803,0.1125,0.2072
"481",480,0.675,0.1132,0.2118
"482",481,0.6714,0.1158,0.2128
"483",482,0.6666,0.1222,0.2112
"484",483,0.6659,0.1266,0.2075
"485",484,0.6653,0.1239,0.2108
"486",485,0.6624,0.1254,0.2122
"487",486,0.6609,0.1288,0.2103
"488",487,0.6553,0.1329,0.2118
"489",488,0.6554,0.1325,0.2121
"490",489,0.6589,0.1287,0.2124
"491",490,0.6624,0.1273,0.2103
"492",491,0.659,0.1295,0.2115
"493",492,0.6572,0.1312,0.2116
"494",493,0.6547,0.1359,0.2094
"495",494,0.6546,0.1421,0.2033
"496",495,0.6526,0.1454,0.202
"497",496,0.6422,0.1536,0.2042
"498",497,0.6393,0.1642,0.1965
"499",498,0.6379,0.1679,0.1942
"500",499,0.6399,0.1665,0.1936
"501",500,0.6392,0.1638,0.197
