"","Generation","O","Y","B"
"1",0,0.3291,0.3322,0.3387
"2",1,0.3128,0.3385,0.3487
"3",2,0.2936,0.3484,0.358
"4",3,0.2774,0.3562,0.3664
"5",4,0.26,0.3653,0.3747
"6",5,0.2426,0.3768,0.3806
"7",6,0.2244,0.3934,0.3822
"8",7,0.2008,0.4199,0.3793
"9",8,0.1839,0.44,0.3761
"10",9,0.1658,0.462,0.3722
"11",10,0.146,0.4817,0.3723
"12",11,0.1337,0.5061,0.3602
"13",12,0.1152,0.53,0.3548
"14",13,0.1041,0.5582,0.3377
"15",14,0.0994,0.5753,0.3253
"16",15,0.0887,0.6028,0.3085
"17",16,0.0813,0.6306,0.2881
"18",17,0.0766,0.6526,0.2708
"19",18,0.0695,0.6797,0.2508
"20",19,0.0633,0.7083,0.2284
"21",20,0.0618,0.7295,0.2087
"22",21,0.0576,0.7474,0.195
"23",22,0.0532,0.7729,0.1739
"24",23,0.0515,0.7997,0.1488
"25",24,0.0512,0.828,0.1208
"26",25,0.0493,0.8454,0.1053
"27",26,0.051,0.8543,0.0947
"28",27,0.054,0.8648,0.0812
"29",28,0.0535,0.8729,0.0736
"30",29,0.0569,0.8809,0.0622
"31",30,0.0592,0.8859,0.0549
"32",31,0.0609,0.894,0.0451
"33",32,0.0655,0.8992,0.0353
"34",33,0.0692,0.9019,0.0289
"35",34,0.0772,0.8994,0.0234
"36",35,0.0877,0.8935,0.0188
"37",36,0.0964,0.886,0.0176
"38",37,0.1056,0.879,0.0154
"39",38,0.1131,0.8725,0.0144
"40",39,0.1272,0.8588,0.014
"41",40,0.1353,0.8521,0.0126
"42",41,0.1486,0.8401,0.0113
"43",42,0.1654,0.8258,0.0088
"44",43,0.1856,0.8073,0.0071
"45",44,0.2071,0.7857,0.0072
"46",45,0.2274,0.7662,0.0064
"47",46,0.241,0.7522,0.0068
"48",47,0.2593,0.7346,0.0061
"49",48,0.2762,0.7175,0.0063
"50",49,0.297,0.6975,0.0055
"51",50,0.3135,0.6807,0.0058
"52",51,0.3264,0.6694,0.0042
"53",52,0.3486,0.6464,0.005
"54",53,0.3699,0.6253,0.0048
"55",54,0.3882,0.608,0.0038
"56",55,0.4153,0.5815,0.0032
"57",56,0.4388,0.5586,0.0026
"58",57,0.4645,0.5337,0.0018
"59",58,0.5014,0.4966,0.002
"60",59,0.5218,0.477,0.0012
"61",60,0.5512,0.4478,0.001
"62",61,0.5813,0.4172,0.0015
"63",62,0.5986,0.4003,0.0011
"64",63,0.6132,0.3857,0.0011
"65",64,0.6288,0.3702,0.001
"66",65,0.6434,0.3555,0.0011
"67",66,0.6615,0.3378,7e-04
"68",67,0.6826,0.3168,6e-04
"69",68,0.7079,0.2913,8e-04
"70",69,0.7276,0.2715,9e-04
"71",70,0.7475,0.2514,0.0011
"72",71,0.7672,0.2317,0.0011
"73",72,0.7762,0.2228,0.001
"74",73,0.7936,0.2053,0.0011
"75",74,0.8078,0.1912,0.001
"76",75,0.8189,0.1799,0.0012
"77",76,0.8285,0.1701,0.0014
"78",77,0.8373,0.1608,0.0019
"79",78,0.8472,0.151,0.0018
"80",79,0.8549,0.1428,0.0023
"81",80,0.8641,0.1322,0.0037
"82",81,0.8728,0.1231,0.0041
"83",82,0.8827,0.113,0.0043
"84",83,0.8936,0.1015,0.0049
"85",84,0.8997,0.0958,0.0045
"86",85,0.9075,0.0879,0.0046
"87",86,0.9144,0.081,0.0046
"88",87,0.9235,0.0717,0.0048
"89",88,0.9255,0.0689,0.0056
"90",89,0.929,0.0648,0.0062
"91",90,0.9343,0.0589,0.0068
"92",91,0.9391,0.0555,0.0054
"93",92,0.9438,0.05,0.0062
"94",93,0.9481,0.0451,0.0068
"95",94,0.955,0.039,0.006
"96",95,0.9576,0.0357,0.0067
"97",96,0.9585,0.034,0.0075
"98",97,0.964,0.0283,0.0077
"99",98,0.9679,0.025,0.0071
"100",99,0.9707,0.0215,0.0078
"101",100,0.9713,0.0202,0.0085
"102",101,0.9738,0.0175,0.0087
"103",102,0.9733,0.0169,0.0098
"104",103,0.9723,0.0164,0.0113
"105",104,0.9749,0.0146,0.0105
"106",105,0.9766,0.0127,0.0107
"107",106,0.9796,0.0117,0.0087
"108",107,0.9801,0.0118,0.0081
"109",108,0.9811,0.0096,0.0093
"110",109,0.9829,0.0072,0.0099
"111",110,0.9839,0.0065,0.0096
"112",111,0.9833,0.0058,0.0109
"113",112,0.9823,0.0058,0.0119
"114",113,0.9818,0.0058,0.0124
"115",114,0.9819,0.0067,0.0114
"116",115,0.9829,0.0065,0.0106
"117",116,0.9857,0.0062,0.0081
"118",117,0.9854,0.0066,0.008
"119",118,0.987,0.006,0.007
"120",119,0.987,0.0061,0.0069
"121",120,0.9882,0.0057,0.0061
"122",121,0.9893,0.0047,0.006
"123",122,0.9904,0.0035,0.0061
"124",123,0.9901,0.003,0.0069
"125",124,0.9912,0.0025,0.0063
"126",125,0.9912,0.0027,0.0061
"127",126,0.9928,0.0018,0.0054
"128",127,0.9925,0.0012,0.0063
"129",128,0.9936,0.001,0.0054
"130",129,0.9939,0.001,0.0051
"131",130,0.9947,6e-04,0.0047
"132",131,0.9957,4e-04,0.0039
"133",132,0.9955,4e-04,0.0041
"134",133,0.9949,3e-04,0.0048
"135",134,0.9953,3e-04,0.0044
"136",135,0.996,3e-04,0.0037
"137",136,0.9954,5e-04,0.0041
"138",137,0.9959,0,0.0041
"139",138,0.9956,0,0.0044
"140",139,0.9946,0,0.0054
"141",140,0.9934,0,0.0066
"142",141,0.9943,0,0.0057
"143",142,0.9946,0,0.0054
"144",143,0.995,0,0.005
"145",144,0.9954,0,0.0046
"146",145,0.9959,0,0.0041
"147",146,0.9948,0,0.0052
"148",147,0.9951,0,0.0049
"149",148,0.9952,0,0.0048
"150",149,0.9952,0,0.0048
"151",150,0.9958,0,0.0042
"152",151,0.9956,0,0.0044
"153",152,0.9954,0,0.0046
"154",153,0.9956,0,0.0044
"155",154,0.9955,0,0.0045
"156",155,0.9962,0,0.0038
"157",156,0.9964,0,0.0036
"158",157,0.9965,0,0.0035
"159",158,0.9959,0,0.0041
"160",159,0.9964,0,0.0036
"161",160,0.9969,0,0.0031
"162",161,0.9965,0,0.0035
"163",162,0.9968,0,0.0032
"164",163,0.9964,0,0.0036
"165",164,0.9962,0,0.0038
"166",165,0.9965,0,0.0035
"167",166,0.9962,0,0.0038
"168",167,0.9967,0,0.0033
"169",168,0.9971,0,0.0029
"170",169,0.9973,0,0.0027
"171",170,0.9975,0,0.0025
"172",171,0.9976,0,0.0024
"173",172,0.9981,0,0.0019
"174",173,0.998,0,0.002
"175",174,0.9985,0,0.0015
"176",175,0.9986,0,0.0014
"177",176,0.9982,0,0.0018
"178",177,0.9978,0,0.0022
"179",178,0.9982,0,0.0018
"180",179,0.9986,0,0.0014
"181",180,0.9992,0,8e-04
"182",181,0.9992,0,8e-04
"183",182,0.999,0,0.001
"184",183,0.9991,0,9e-04
"185",184,0.9994,0,6e-04
"186",185,0.9995,0,5e-04
"187",186,0.9994,0,6e-04
"188",187,0.9992,0,8e-04
"189",188,0.9991,0,9e-04
"190",189,0.9993,0,7e-04
"191",190,0.9995,0,5e-04
"192",191,0.9994,0,6e-04
"193",192,0.9993,0,7e-04
"194",193,0.9993,0,7e-04
"195",194,0.999,0,0.001
"196",195,0.9993,0,7e-04
"197",196,0.9994,0,6e-04
"198",197,0.9995,0,5e-04
"199",198,0.9993,0,7e-04
"200",199,0.9995,0,5e-04
"201",200,0.9996,0,4e-04
