"","Generation","O","Y","B"
"1",0,0.3296,0.3378,0.3326
"2",1,0.3189,0.3405,0.3406
"3",2,0.2979,0.3495,0.3526
"4",3,0.2788,0.3597,0.3615
"5",4,0.2575,0.378,0.3645
"6",5,0.2383,0.3879,0.3738
"7",6,0.2131,0.4007,0.3862
"8",7,0.1962,0.4187,0.3851
"9",8,0.1768,0.442,0.3812
"10",9,0.1607,0.4537,0.3856
"11",10,0.1476,0.4727,0.3797
"12",11,0.1391,0.4866,0.3743
"13",12,0.1257,0.5051,0.3692
"14",13,0.1134,0.5257,0.3609
"15",14,0.1015,0.5577,0.3408
"16",15,0.0877,0.588,0.3243
"17",16,0.0812,0.6211,0.2977
"18",17,0.0735,0.6474,0.2791
"19",18,0.0677,0.6752,0.2571
"20",19,0.0667,0.6929,0.2404
"21",20,0.0626,0.7175,0.2199
"22",21,0.0621,0.7443,0.1936
"23",22,0.0617,0.7678,0.1705
"24",23,0.0638,0.7808,0.1554
"25",24,0.0653,0.7982,0.1365
"26",25,0.066,0.8114,0.1226
"27",26,0.0674,0.8259,0.1067
"28",27,0.0713,0.8376,0.0911
"29",28,0.0721,0.8506,0.0773
"30",29,0.0728,0.8616,0.0656
"31",30,0.0766,0.8655,0.0579
"32",31,0.085,0.8665,0.0485
"33",32,0.0909,0.868,0.0411
"34",33,0.0963,0.8661,0.0376
"35",34,0.1046,0.8622,0.0332
"36",35,0.1116,0.8593,0.0291
"37",36,0.1186,0.856,0.0254
"38",37,0.13,0.8471,0.0229
"39",38,0.1421,0.8367,0.0212
"40",39,0.152,0.8306,0.0174
"41",40,0.1677,0.8155,0.0168
"42",41,0.1751,0.8106,0.0143
"43",42,0.1878,0.7983,0.0139
"44",43,0.196,0.7928,0.0112
"45",44,0.2167,0.7732,0.0101
"46",45,0.2335,0.7573,0.0092
"47",46,0.2571,0.7339,0.009
"48",47,0.2758,0.7153,0.0089
"49",48,0.2935,0.698,0.0085
"50",49,0.3092,0.6801,0.0107
"51",50,0.331,0.6566,0.0124
"52",51,0.3501,0.6375,0.0124
"53",52,0.3621,0.6234,0.0145
"54",53,0.3777,0.6081,0.0142
"55",54,0.4089,0.5758,0.0153
"56",55,0.4244,0.5607,0.0149
"57",56,0.4416,0.5438,0.0146
"58",57,0.4693,0.5166,0.0141
"59",58,0.4794,0.5065,0.0141
"60",59,0.505,0.4805,0.0145
"61",60,0.5175,0.4692,0.0133
"62",61,0.538,0.4489,0.0131
"63",62,0.5642,0.4226,0.0132
"64",63,0.5743,0.4131,0.0126
"65",64,0.5849,0.4004,0.0147
"66",65,0.6025,0.3818,0.0157
"67",66,0.6223,0.3628,0.0149
"68",67,0.633,0.3531,0.0139
"69",68,0.6454,0.3389,0.0157
"70",69,0.6575,0.3267,0.0158
"71",70,0.6713,0.3101,0.0186
"72",71,0.6844,0.2975,0.0181
"73",72,0.7004,0.2813,0.0183
"74",73,0.7196,0.261,0.0194
"75",74,0.7315,0.248,0.0205
"76",75,0.7426,0.236,0.0214
"77",76,0.7516,0.2274,0.021
"78",77,0.7683,0.2104,0.0213
"79",78,0.7789,0.2001,0.021
"80",79,0.7838,0.194,0.0222
"81",80,0.7982,0.1776,0.0242
"82",81,0.8102,0.1644,0.0254
"83",82,0.8208,0.1519,0.0273
"84",83,0.8311,0.1383,0.0306
"85",84,0.8428,0.1243,0.0329
"86",85,0.847,0.1171,0.0359
"87",86,0.8504,0.1104,0.0392
"88",87,0.8531,0.107,0.0399
"89",88,0.8546,0.1038,0.0416
"90",89,0.8555,0.0991,0.0454
"91",90,0.8637,0.0876,0.0487
"92",91,0.8678,0.0833,0.0489
"93",92,0.8722,0.0771,0.0507
"94",93,0.8716,0.0732,0.0552
"95",94,0.874,0.0678,0.0582
"96",95,0.8785,0.0626,0.0589
"97",96,0.8791,0.0607,0.0602
"98",97,0.8804,0.0577,0.0619
"99",98,0.8812,0.0531,0.0657
"100",99,0.8808,0.0485,0.0707
"101",100,0.8773,0.0471,0.0756
"102",101,0.874,0.0448,0.0812
"103",102,0.8728,0.0406,0.0866
"104",103,0.8716,0.0382,0.0902
"105",104,0.8714,0.0382,0.0904
"106",105,0.8683,0.0387,0.093
"107",106,0.8658,0.0395,0.0947
"108",107,0.864,0.0387,0.0973
"109",108,0.8655,0.0372,0.0973
"110",109,0.8612,0.0353,0.1035
"111",110,0.856,0.0346,0.1094
"112",111,0.8534,0.0342,0.1124
"113",112,0.8539,0.0363,0.1098
"114",113,0.8518,0.0356,0.1126
"115",114,0.8512,0.0319,0.1169
"116",115,0.8428,0.0308,0.1264
"117",116,0.8406,0.0295,0.1299
"118",117,0.8369,0.0303,0.1328
"119",118,0.8329,0.0273,0.1398
"120",119,0.8324,0.0267,0.1409
"121",120,0.8265,0.0261,0.1474
"122",121,0.8211,0.0258,0.1531
"123",122,0.8172,0.028,0.1548
"124",123,0.8089,0.0306,0.1605
"125",124,0.8044,0.0323,0.1633
"126",125,0.7939,0.0358,0.1703
"127",126,0.7912,0.04,0.1688
"128",127,0.7865,0.0445,0.169
"129",128,0.7782,0.048,0.1738
"130",129,0.7704,0.0479,0.1817
"131",130,0.7652,0.0481,0.1867
"132",131,0.7553,0.0498,0.1949
"133",132,0.7425,0.0501,0.2074
"134",133,0.7345,0.0513,0.2142
"135",134,0.7248,0.0533,0.2219
"136",135,0.7191,0.0528,0.2281
"137",136,0.7106,0.0553,0.2341
"138",137,0.7019,0.0573,0.2408
"139",138,0.6927,0.0609,0.2464
"140",139,0.6847,0.0663,0.249
"141",140,0.6782,0.073,0.2488
"142",141,0.6685,0.0797,0.2518
"143",142,0.6634,0.085,0.2516
"144",143,0.6583,0.0852,0.2565
"145",144,0.6531,0.0886,0.2583
"146",145,0.6443,0.0927,0.263
"147",146,0.6318,0.0976,0.2706
"148",147,0.6223,0.1023,0.2754
"149",148,0.613,0.1103,0.2767
"150",149,0.6069,0.1158,0.2773
"151",150,0.5988,0.1199,0.2813
"152",151,0.5898,0.1271,0.2831
"153",152,0.5829,0.1345,0.2826
"154",153,0.5763,0.1385,0.2852
"155",154,0.5684,0.1474,0.2842
"156",155,0.5603,0.1533,0.2864
"157",156,0.5538,0.1608,0.2854
"158",157,0.5472,0.1658,0.287
"159",158,0.5379,0.172,0.2901
"160",159,0.5289,0.1801,0.291
"161",160,0.5201,0.184,0.2959
"162",161,0.5169,0.1919,0.2912
"163",162,0.5084,0.1968,0.2948
"164",163,0.5003,0.2043,0.2954
"165",164,0.4913,0.2124,0.2963
"166",165,0.4827,0.2169,0.3004
"167",166,0.4689,0.2235,0.3076
"168",167,0.4638,0.2236,0.3126
"169",168,0.4552,0.2265,0.3183
"170",169,0.4522,0.2295,0.3183
"171",170,0.449,0.2347,0.3163
"172",171,0.4448,0.2381,0.3171
"173",172,0.4418,0.2396,0.3186
"174",173,0.4355,0.2423,0.3222
"175",174,0.4333,0.2426,0.3241
"176",175,0.4246,0.2469,0.3285
"177",176,0.4129,0.2535,0.3336
"178",177,0.41,0.2567,0.3333
"179",178,0.4028,0.262,0.3352
"180",179,0.3947,0.2681,0.3372
"181",180,0.3886,0.2751,0.3363
"182",181,0.379,0.2835,0.3375
"183",182,0.3711,0.2926,0.3363
"184",183,0.3698,0.2925,0.3377
"185",184,0.3586,0.2989,0.3425
"186",185,0.351,0.3021,0.3469
"187",186,0.3515,0.3015,0.347
"188",187,0.3481,0.3067,0.3452
"189",188,0.3435,0.3114,0.3451
"190",189,0.3371,0.3123,0.3506
"191",190,0.3256,0.3177,0.3567
"192",191,0.3191,0.3207,0.3602
"193",192,0.311,0.3227,0.3663
"194",193,0.3094,0.3215,0.3691
"195",194,0.298,0.3282,0.3738
"196",195,0.2924,0.3325,0.3751
"197",196,0.2868,0.3346,0.3786
"198",197,0.283,0.3373,0.3797
"199",198,0.2704,0.3442,0.3854
"200",199,0.2642,0.3468,0.389
"201",200,0.2604,0.3491,0.3905
