"","Generation","O","Y","B"
"1",0,0.3402,0.3316,0.3282
"2",1,0.3309,0.3316,0.3375
"3",2,0.3172,0.3468,0.336
"4",3,0.2986,0.3582,0.3432
"5",4,0.276,0.3754,0.3486
"6",5,0.2589,0.3854,0.3557
"7",6,0.2401,0.3975,0.3624
"8",7,0.2222,0.4102,0.3676
"9",8,0.2039,0.4302,0.3659
"10",9,0.1949,0.438,0.3671
"11",10,0.1746,0.4649,0.3605
"12",11,0.1611,0.4807,0.3582
"13",12,0.1488,0.5048,0.3464
"14",13,0.139,0.5238,0.3372
"15",14,0.1305,0.5419,0.3276
"16",15,0.1228,0.5618,0.3154
"17",16,0.1088,0.5829,0.3083
"18",17,0.1015,0.6071,0.2914
"19",18,0.093,0.6324,0.2746
"20",19,0.085,0.6584,0.2566
"21",20,0.0783,0.6813,0.2404
"22",21,0.072,0.7086,0.2194
"23",22,0.071,0.7212,0.2078
"24",23,0.0723,0.7395,0.1882
"25",24,0.0692,0.7604,0.1704
"26",25,0.0703,0.7753,0.1544
"27",26,0.0716,0.785,0.1434
"28",27,0.0699,0.8041,0.126
"29",28,0.0694,0.8155,0.1151
"30",29,0.0762,0.8233,0.1005
"31",30,0.0781,0.833,0.0889
"32",31,0.0773,0.8401,0.0826
"33",32,0.0769,0.8471,0.076
"34",33,0.0841,0.8501,0.0658
"35",34,0.0853,0.8513,0.0634
"36",35,0.0901,0.8545,0.0554
"37",36,0.0908,0.8593,0.0499
"38",37,0.0931,0.8633,0.0436
"39",38,0.0989,0.8618,0.0393
"40",39,0.1018,0.8602,0.038
"41",40,0.1116,0.8548,0.0336
"42",41,0.1149,0.8521,0.033
"43",42,0.1203,0.8504,0.0293
"44",43,0.1314,0.842,0.0266
"45",44,0.1399,0.8356,0.0245
"46",45,0.1517,0.8249,0.0234
"47",46,0.1599,0.8164,0.0237
"48",47,0.1707,0.8056,0.0237
"49",48,0.1859,0.792,0.0221
"50",49,0.1971,0.7832,0.0197
"51",50,0.2141,0.7702,0.0157
"52",51,0.2213,0.7644,0.0143
"53",52,0.2399,0.7457,0.0144
"54",53,0.261,0.726,0.013
"55",54,0.2728,0.7135,0.0137
"56",55,0.2931,0.6956,0.0113
"57",56,0.3075,0.6822,0.0103
"58",57,0.3316,0.6585,0.0099
"59",58,0.3486,0.6405,0.0109
"60",59,0.3719,0.6169,0.0112
"61",60,0.3962,0.5932,0.0106
"62",61,0.4135,0.5743,0.0122
"63",62,0.4348,0.5534,0.0118
"64",63,0.4549,0.5345,0.0106
"65",64,0.4808,0.5096,0.0096
"66",65,0.4949,0.4953,0.0098
"67",66,0.5128,0.4778,0.0094
"68",67,0.5342,0.4568,0.009
"69",68,0.55,0.4403,0.0097
"70",69,0.5758,0.414,0.0102
"71",70,0.6014,0.3888,0.0098
"72",71,0.6191,0.3709,0.01
"73",72,0.6361,0.3532,0.0107
"74",73,0.6531,0.3363,0.0106
"75",74,0.6681,0.3226,0.0093
"76",75,0.684,0.3064,0.0096
"77",76,0.6985,0.2917,0.0098
"78",77,0.7092,0.2798,0.011
"79",78,0.7257,0.2625,0.0118
"80",79,0.7403,0.2478,0.0119
"81",80,0.7484,0.2402,0.0114
"82",81,0.7633,0.2257,0.011
"83",82,0.7751,0.2135,0.0114
"84",83,0.7877,0.1997,0.0126
"85",84,0.7988,0.1885,0.0127
"86",85,0.8075,0.1787,0.0138
"87",86,0.8191,0.1661,0.0148
"88",87,0.8217,0.1611,0.0172
"89",88,0.831,0.1508,0.0182
"90",89,0.8333,0.1463,0.0204
"91",90,0.8389,0.1376,0.0235
"92",91,0.8457,0.1297,0.0246
"93",92,0.8613,0.1138,0.0249
"94",93,0.8621,0.1105,0.0274
"95",94,0.869,0.1024,0.0286
"96",95,0.8724,0.0975,0.0301
"97",96,0.8767,0.0932,0.0301
"98",97,0.8765,0.0913,0.0322
"99",98,0.879,0.0865,0.0345
"100",99,0.8803,0.0852,0.0345
"101",100,0.8818,0.0809,0.0373
"102",101,0.8833,0.0775,0.0392
"103",102,0.888,0.0709,0.0411
"104",103,0.89,0.0674,0.0426
"105",104,0.8901,0.0661,0.0438
"106",105,0.8903,0.0618,0.0479
"107",106,0.8892,0.0596,0.0512
"108",107,0.8874,0.058,0.0546
"109",108,0.892,0.0547,0.0533
"110",109,0.8928,0.0515,0.0557
"111",110,0.8908,0.0543,0.0549
"112",111,0.8925,0.0531,0.0544
"113",112,0.8961,0.0492,0.0547
"114",113,0.8966,0.0492,0.0542
"115",114,0.8945,0.0488,0.0567
"116",115,0.8927,0.0528,0.0545
"117",116,0.8944,0.0489,0.0567
"118",117,0.8952,0.0462,0.0586
"119",118,0.8904,0.0503,0.0593
"120",119,0.8896,0.0512,0.0592
"121",120,0.8896,0.0519,0.0585
"122",121,0.8898,0.0533,0.0569
"123",122,0.8917,0.0545,0.0538
"124",123,0.8849,0.0613,0.0538
"125",124,0.8836,0.0627,0.0537
"126",125,0.8834,0.0647,0.0519
"127",126,0.8803,0.0662,0.0535
"128",127,0.8763,0.0639,0.0598
"129",128,0.8753,0.0626,0.0621
"130",129,0.8725,0.0619,0.0656
"131",130,0.871,0.0616,0.0674
"132",131,0.8713,0.0613,0.0674
"133",132,0.8701,0.0612,0.0687
"134",133,0.8723,0.0622,0.0655
"135",134,0.8668,0.063,0.0702
"136",135,0.8647,0.0629,0.0724
"137",136,0.8624,0.0647,0.0729
"138",137,0.8612,0.0641,0.0747
"139",138,0.86,0.0606,0.0794
"140",139,0.8605,0.0589,0.0806
"141",140,0.8587,0.059,0.0823
"142",141,0.8558,0.0591,0.0851
"143",142,0.8531,0.0611,0.0858
"144",143,0.8513,0.059,0.0897
"145",144,0.8479,0.0606,0.0915
"146",145,0.843,0.0633,0.0937
"147",146,0.8418,0.0653,0.0929
"148",147,0.8404,0.064,0.0956
"149",148,0.8386,0.0624,0.099
"150",149,0.8346,0.0681,0.0973
"151",150,0.8357,0.0695,0.0948
"152",151,0.8354,0.0686,0.096
"153",152,0.8339,0.0698,0.0963
"154",153,0.8359,0.0686,0.0955
"155",154,0.8343,0.066,0.0997
"156",155,0.8337,0.0677,0.0986
"157",156,0.8331,0.0705,0.0964
"158",157,0.8288,0.0732,0.098
"159",158,0.8296,0.0706,0.0998
"160",159,0.8301,0.0697,0.1002
"161",160,0.8229,0.0726,0.1045
"162",161,0.8188,0.0736,0.1076
"163",162,0.8119,0.0765,0.1116
"164",163,0.8093,0.0767,0.114
"165",164,0.8076,0.078,0.1144
"166",165,0.8062,0.0789,0.1149
"167",166,0.8043,0.0784,0.1173
"168",167,0.8035,0.0798,0.1167
"169",168,0.7976,0.0835,0.1189
"170",169,0.7957,0.085,0.1193
"171",170,0.7925,0.0859,0.1216
"172",171,0.7871,0.0886,0.1243
"173",172,0.785,0.089,0.126
"174",173,0.7774,0.0935,0.1291
"175",174,0.7745,0.0949,0.1306
"176",175,0.7729,0.0949,0.1322
"177",176,0.7657,0.0999,0.1344
"178",177,0.7562,0.1029,0.1409
"179",178,0.7517,0.1029,0.1454
"180",179,0.7423,0.1079,0.1498
"181",180,0.7366,0.1077,0.1557
"182",181,0.7265,0.1095,0.164
"183",182,0.7244,0.1098,0.1658
"184",183,0.7223,0.1134,0.1643
"185",184,0.7164,0.1134,0.1702
"186",185,0.7102,0.1153,0.1745
"187",186,0.7057,0.1169,0.1774
"188",187,0.7005,0.119,0.1805
"189",188,0.7011,0.1215,0.1774
"190",189,0.6973,0.1212,0.1815
"191",190,0.6946,0.1248,0.1806
"192",191,0.6901,0.1262,0.1837
"193",192,0.6872,0.126,0.1868
"194",193,0.681,0.1276,0.1914
"195",194,0.6777,0.1255,0.1968
"196",195,0.6707,0.1247,0.2046
"197",196,0.6625,0.122,0.2155
"198",197,0.6569,0.121,0.2221
"199",198,0.6529,0.1201,0.227
"200",199,0.6484,0.1203,0.2313
"201",200,0.6425,0.1216,0.2359
