"","Generation","O","Y","B"
"1",0,0.3336,0.3388,0.3276
"2",1,0.3185,0.3502,0.3313
"3",2,0.2905,0.3668,0.3427
"4",3,0.2715,0.3794,0.3491
"5",4,0.2507,0.395,0.3543
"6",5,0.2345,0.4158,0.3497
"7",6,0.2235,0.4228,0.3537
"8",7,0.201,0.4354,0.3636
"9",8,0.181,0.4544,0.3646
"10",9,0.1687,0.4728,0.3585
"11",10,0.1602,0.497,0.3428
"12",11,0.1462,0.5227,0.3311
"13",12,0.1313,0.5431,0.3256
"14",13,0.1236,0.5669,0.3095
"15",14,0.115,0.585,0.3
"16",15,0.1101,0.613,0.2769
"17",16,0.1018,0.6408,0.2574
"18",17,0.0947,0.6613,0.244
"19",18,0.0918,0.6781,0.2301
"20",19,0.0866,0.6975,0.2159
"21",20,0.0805,0.7134,0.2061
"22",21,0.0767,0.7348,0.1885
"23",22,0.0731,0.7581,0.1688
"24",23,0.0717,0.7801,0.1482
"25",24,0.0704,0.7975,0.1321
"26",25,0.0729,0.8129,0.1142
"27",26,0.0718,0.8266,0.1016
"28",27,0.0725,0.8361,0.0914
"29",28,0.0729,0.8481,0.079
"30",29,0.0778,0.856,0.0662
"31",30,0.0804,0.8662,0.0534
"32",31,0.0855,0.8692,0.0453
"33",32,0.0889,0.8736,0.0375
"34",33,0.0946,0.8753,0.0301
"35",34,0.1065,0.8702,0.0233
"36",35,0.113,0.8696,0.0174
"37",36,0.1238,0.8622,0.014
"38",37,0.1376,0.8494,0.013
"39",38,0.1469,0.8403,0.0128
"40",39,0.158,0.8294,0.0126
"41",40,0.1714,0.8176,0.011
"42",41,0.1889,0.8021,0.009
"43",42,0.2001,0.7905,0.0094
"44",43,0.2222,0.7687,0.0091
"45",44,0.2403,0.7519,0.0078
"46",45,0.2568,0.7367,0.0065
"47",46,0.2787,0.716,0.0053
"48",47,0.2962,0.7007,0.0031
"49",48,0.3142,0.6832,0.0026
"50",49,0.3352,0.6632,0.0016
"51",50,0.353,0.6448,0.0022
"52",51,0.3729,0.6243,0.0028
"53",52,0.3951,0.602,0.0029
"54",53,0.4195,0.5772,0.0033
"55",54,0.4408,0.5562,0.003
"56",55,0.4599,0.5363,0.0038
"57",56,0.4766,0.5186,0.0048
"58",57,0.4963,0.499,0.0047
"59",58,0.5095,0.4856,0.0049
"60",59,0.5267,0.469,0.0043
"61",60,0.5431,0.453,0.0039
"62",61,0.5546,0.4402,0.0052
"63",62,0.5793,0.415,0.0057
"64",63,0.6027,0.3919,0.0054
"65",64,0.6229,0.3707,0.0064
"66",65,0.6296,0.3633,0.0071
"67",66,0.6493,0.3435,0.0072
"68",67,0.668,0.3238,0.0082
"69",68,0.684,0.3054,0.0106
"70",69,0.6984,0.2896,0.012
"71",70,0.7187,0.2686,0.0127
"72",71,0.736,0.251,0.013
"73",72,0.7562,0.2299,0.0139
"74",73,0.7703,0.2146,0.0151
"75",74,0.7811,0.202,0.0169
"76",75,0.7946,0.1884,0.017
"77",76,0.8061,0.1752,0.0187
"78",77,0.8138,0.1663,0.0199
"79",78,0.8199,0.1579,0.0222
"80",79,0.8283,0.147,0.0247
"81",80,0.8365,0.138,0.0255
"82",81,0.8442,0.1268,0.029
"83",82,0.8482,0.1202,0.0316
"84",83,0.8569,0.1124,0.0307
"85",84,0.8601,0.1092,0.0307
"86",85,0.8647,0.1047,0.0306
"87",86,0.8718,0.0971,0.0311
"88",87,0.871,0.0962,0.0328
"89",88,0.8766,0.0913,0.0321
"90",89,0.8849,0.0824,0.0327
"91",90,0.8868,0.0785,0.0347
"92",91,0.8888,0.076,0.0352
"93",92,0.8946,0.0689,0.0365
"94",93,0.8935,0.0683,0.0382
"95",94,0.895,0.0678,0.0372
"96",95,0.8975,0.0625,0.04
"97",96,0.9016,0.0583,0.0401
"98",97,0.9048,0.0541,0.0411
"99",98,0.9003,0.0548,0.0449
"100",99,0.9022,0.0507,0.0471
"101",100,0.904,0.0494,0.0466
"102",101,0.9058,0.0485,0.0457
"103",102,0.9069,0.0458,0.0473
"104",103,0.9044,0.046,0.0496
"105",104,0.9045,0.0452,0.0503
"106",105,0.9028,0.0433,0.0539
"107",106,0.9021,0.043,0.0549
"108",107,0.8989,0.0447,0.0564
"109",108,0.8969,0.0453,0.0578
"110",109,0.8933,0.0449,0.0618
"111",110,0.8922,0.0433,0.0645
"112",111,0.8876,0.0453,0.0671
"113",112,0.8867,0.0465,0.0668
"114",113,0.885,0.0472,0.0678
"115",114,0.8836,0.0475,0.0689
"116",115,0.879,0.0481,0.0729
"117",116,0.8767,0.0489,0.0744
"118",117,0.874,0.0515,0.0745
"119",118,0.8727,0.0531,0.0742
"120",119,0.8669,0.0564,0.0767
"121",120,0.8651,0.0571,0.0778
"122",121,0.859,0.0583,0.0827
"123",122,0.8594,0.0556,0.085
"124",123,0.8598,0.0529,0.0873
"125",124,0.857,0.0535,0.0895
"126",125,0.8504,0.0545,0.0951
"127",126,0.8453,0.0545,0.1002
"128",127,0.845,0.0537,0.1013
"129",128,0.8414,0.0538,0.1048
"130",129,0.8405,0.0531,0.1064
"131",130,0.8366,0.0554,0.108
"132",131,0.8322,0.058,0.1098
"133",132,0.8305,0.0604,0.1091
"134",133,0.8268,0.0604,0.1128
"135",134,0.8256,0.0624,0.112
"136",135,0.8221,0.0622,0.1157
"137",136,0.8168,0.0633,0.1199
"138",137,0.8123,0.0615,0.1262
"139",138,0.8085,0.066,0.1255
"140",139,0.8051,0.0701,0.1248
"141",140,0.8043,0.0701,0.1256
"142",141,0.7979,0.0734,0.1287
"143",142,0.7951,0.0767,0.1282
"144",143,0.7923,0.0791,0.1286
"145",144,0.791,0.0803,0.1287
"146",145,0.7897,0.083,0.1273
"147",146,0.7831,0.0852,0.1317
"148",147,0.7795,0.0865,0.134
"149",148,0.7752,0.089,0.1358
"150",149,0.7713,0.0936,0.1351
"151",150,0.7682,0.0961,0.1357
"152",151,0.7675,0.0946,0.1379
"153",152,0.7638,0.0956,0.1406
"154",153,0.7616,0.0998,0.1386
"155",154,0.7558,0.1053,0.1389
"156",155,0.7514,0.1039,0.1447
"157",156,0.7523,0.1025,0.1452
"158",157,0.7485,0.1051,0.1464
"159",158,0.7423,0.1061,0.1516
"160",159,0.7447,0.1114,0.1439
"161",160,0.7452,0.1139,0.1409
"162",161,0.7429,0.117,0.1401
"163",162,0.7444,0.1172,0.1384
"164",163,0.7441,0.1212,0.1347
"165",164,0.7378,0.1206,0.1416
"166",165,0.7356,0.1232,0.1412
"167",166,0.7326,0.1258,0.1416
"168",167,0.7315,0.1262,0.1423
"169",168,0.7287,0.1266,0.1447
"170",169,0.7266,0.1297,0.1437
"171",170,0.7211,0.1319,0.147
"172",171,0.7203,0.1318,0.1479
"173",172,0.719,0.1352,0.1458
"174",173,0.7117,0.1365,0.1518
"175",174,0.7074,0.1352,0.1574
"176",175,0.7045,0.1389,0.1566
"177",176,0.7006,0.1409,0.1585
"178",177,0.6955,0.1419,0.1626
"179",178,0.6956,0.1432,0.1612
"180",179,0.6999,0.1433,0.1568
"181",180,0.6962,0.1461,0.1577
"182",181,0.6901,0.1483,0.1616
"183",182,0.6951,0.1473,0.1576
"184",183,0.694,0.1456,0.1604
"185",184,0.6879,0.1456,0.1665
"186",185,0.6837,0.1473,0.169
"187",186,0.6789,0.1479,0.1732
"188",187,0.6737,0.1451,0.1812
"189",188,0.6668,0.1452,0.188
"190",189,0.6577,0.1503,0.192
"191",190,0.6518,0.1553,0.1929
"192",191,0.6476,0.1564,0.196
"193",192,0.6426,0.1571,0.2003
"194",193,0.638,0.1561,0.2059
"195",194,0.6311,0.1554,0.2135
"196",195,0.6272,0.1566,0.2162
"197",196,0.6197,0.1585,0.2218
"198",197,0.6152,0.1586,0.2262
"199",198,0.6128,0.1606,0.2266
"200",199,0.6076,0.1601,0.2323
"201",200,0.5993,0.1626,0.2381
